Vancouver UBC 3.0 1.0 1000.0
2019-11-29_20:14:57 168 142 47 515 1 TRAFFIC_SPACE
2019-11-29_20:15:00 199 568 585 51 1 TRAFFIC_SPACE
2019-11-29_20:15:04 433 142 57 490 1 TRAFFIC_SPACE
2019-11-29_20:15:07 116 91 949 52 1 TRAFFIC_SPACE
2019-11-29_20:15:16 801 170 60 396 1 TRAFFIC_SPACE
2019-11-29_20:15:21 180 497 309 36 1 TRAFFIC_SPACE
2019-11-29_20:15:24 465 471 421 48 1 TRAFFIC_SPACE
2019-11-29_20:15:34 976 350 79 118 1 ROOM
2019-11-29_20:15:39 926 15 105 104 1 ROOM
2019-11-29_20:29:30 198 279 659 44 1 TRAFFIC_SPACE
2019-11-29_20:29:41 725 531 107 95 1 TRAFFIC_SPACE
2019-11-29_20:29:49 834 361 326 46 1 TRAFFIC_SPACE
2019-11-29_20:29:52 971 117 59 258 1 TRAFFIC_SPACE
2019-11-29_20:29:55 1099 143 59 240 1 TRAFFIC_SPACE
2019-11-29_20:29:59 206 402 78 101 1 TRAFFIC_SPACE
2019-11-29_20:53:17 478 311 0 0 1 ROOM
2019-11-29_20:53:20 127 13 101 132 1 ROOM
2019-11-29_20:53:24 93 466 82 99 1 ROOM
